Acoustic/Folk_0,Alt_Music_1,Blues_2,Bollywood_3,Country_4,HipHop_5,Indie Alt_6,Instrumental_7,Metal_8,Pop_9,Rock_10
0.030799276923637466,0.0036795074401499454,0.013204525419710398,0.8944118617888732,0.007072200539125976,0.005970707813042257,0.006587064628189573,0.005770824808171277,0.0001514993593023315,0.020721666030871857,0.011630865248925511
0.012195368377724529,0.07577507871384101,0.1052250563120947,0.002298340231987154,0.00023947272912329067,0.01917585991852024,0.6576718717194138,0.004669650305444283,0.005374593136283596,0.08007901508458701,0.03729569347098039
0.00012299521782206915,0.0730833215097039,0.032477675875822405,2.038598046892713e-05,3.952521923081827e-05,0.0006819970664548469,0.0987900126622009,5.05167594416592e-05,0.11313530703702562,0.009702327226006141,0.6718959354458227
0.7178537131415256,0.002888019385282957,0.000690487496208272,0.09919724303391131,0.11114874275527205,0.0007542721043758926,0.002974894999396836,0.054177106980843895,0.0006264080426277858,0.006517624601816182,0.003171487458739425
0.0008090068926677476,0.13408810643365462,0.02685978535412489,8.140993032015879e-05,0.00023110251454927408,0.021105083701633304,0.2451370288364351,3.940465617349633e-05,0.040172048427210665,0.0398574649174498,0.49161955833578097
6.480940208880226e-06,0.004166571262515163,0.002328091945369589,1.8304575510274182e-06,1.0809617039865804e-05,0.0001153182101633081,0.008750314434066183,2.4200196864134844e-06,0.9058895829099789,0.0011571959895744367,0.07757138421384631
0.00037247804338801115,0.11537699526887084,0.018102187792346656,4.080116075920638e-05,0.00011355266558178488,0.0030682555999286933,0.21456730408323368,5.014573679529924e-05,0.008312149666732759,0.06320493463233547,0.5767911953500277
0.0020325930272388298,0.3643645195164363,0.0024322743151198993,0.00019705713575828167,0.0002083572653029275,0.021925322622704295,0.31067724160584165,0.0026284297381479415,0.002715375328442877,0.26387800723489074,0.028940822210116287
0.002396501538924197,0.00029245709190652296,0.00017082129608569593,0.0003336964157750921,0.00037155127874044026,0.00014550029573674603,0.0002279042885681644,0.9957136465064287,3.1646889354375587e-05,0.000228131035079813,8.81433634002617e-05
1.5437432000783658e-05,0.03698354471134497,0.0027261493792993183,3.6664461563677867e-06,5.135013221869056e-06,0.0003730026414118982,0.09458932604199902,1.3920411942834105e-05,0.6132279334219285,0.0010502911989748837,0.2510115933017197
1.4109502073307842e-06,0.0016815708142765792,4.144765165363273e-05,3.2100992335874654e-07,1.0543927559192282e-06,5.675406793359223e-06,0.0011877496456200317,1.70647987116603e-06,0.9868748178449106,1.9183131673266992e-05,0.010185062672314832
9.172087590596607e-05,0.11601649879181002,0.0023992627844514475,2.960446882867477e-05,0.00028193159180113573,0.0017691743062643824,0.6963355455988373,8.406520020291104e-06,0.0017815184954281236,0.09238440229012959,0.08890193427652314
0.0001065527646732692,0.008641005529324909,0.8400558805027137,7.769489695243183e-05,2.38314522186947e-05,0.004156985288987869,0.024222140286041544,9.842212385793377e-05,0.0008455027883969827,0.005659479157695228,0.1161125052091373
0.006037927494393903,0.04756923044350003,0.0351173683218705,0.002457043566368642,0.0007876788802853148,0.12905888332696971,0.2113978022529565,0.001843561589462922,0.0033344427385761113,0.5114345130264103,0.05096154835920608
0.00451265382838205,0.028439087092092738,0.2008834567686436,0.0022433885755602178,0.0004070959237845985,0.0039372203586970815,0.5338301949285663,0.0004865195411597339,0.002153491652419483,0.10740254164996321,0.11570434968073096
0.0009573528252081259,0.023954062437248548,0.09456303921207244,0.00016378218994958485,9.764416422124559e-05,0.01128327705128878,0.7677103963223126,0.0011635026098485227,0.003286432146860268,0.024648327029343543,0.07217218401164625
4.251111511606083e-05,0.8225197739241438,5.293724229564391e-05,2.00729770526052e-05,1.666251516762486e-05,0.001705719088075898,0.09537212081341483,7.73430879525348e-05,0.007522164655142137,0.01105415193302656,0.061616542648612334
0.0001108544274228416,0.12345955924591297,0.01616114161816475,3.7754968101228866e-05,5.7507904518681116e-05,0.0013551387700558592,0.22476456346769352,1.7719116308207776e-05,0.004496362624801217,0.017323496887083747,0.6122159009699372
1.5531479873095986e-05,0.03593901471667185,0.0004043186750610596,2.216355501582649e-06,1.2916234745696978e-05,0.00025229568152794235,0.031952106570955464,4.609633319861071e-06,0.7758219021843057,0.0012773330661618775,0.15431775540187587
0.033711809692925525,0.007205118762263456,0.01811804698071879,0.8137958921035419,0.0038251561497882097,0.0023011987751664674,0.006641373504896926,0.0043783030620812595,0.0003013556228676703,0.010259385036000998,0.09946236030974882
0.00010207627006887752,0.06584405460379072,0.27730123272587826,5.8991487943116736e-05,8.333606741848067e-05,0.056885265362104254,0.2361404587635917,3.544230758041123e-05,0.013524006639052706,0.07903034762864017,0.2709947881439313
0.00023485308334060393,0.05695220568057501,0.14392827828119317,2.7715104186954103e-05,0.0001145771251651041,0.003523543443374676,0.2807705046723123,3.974303612178819e-05,0.05321860519517612,0.04893375845678026,0.4122562159217739
8.432853411535394e-05,0.008124099697377303,0.19828697578157278,2.6721232923835005e-05,7.748982694852635e-06,0.0012701649465580232,0.017892919070166324,3.1073938599884154e-05,0.011644663062374876,0.004761997029377276,0.7578693077242395
0.00014335508346834444,0.06185361293674915,0.0065003265608803195,3.235010760692102e-05,0.00034610116947961044,0.004191934440947914,0.08488418762511979,1.6765155864824563e-05,0.13186898628145816,0.18707862518889135,0.5230837554495336
0.00028365158733195786,0.09678514960238385,0.03105204620604597,6.659331502939193e-05,3.8284546691335655e-05,0.0019600904133934872,0.49214366451164965,2.7850412385310165e-05,0.061193094109008486,0.06605294734620706,0.25039662794987355
5.0097276423762486e-05,0.013744874758780343,0.00024140899135636696,3.690749216027364e-05,3.195669590615583e-05,0.14949988961752522,0.009817342361689924,1.35565498426547e-05,0.0004938117186822043,0.7778050154232431,0.04826513911439004
0.00013717193687236713,0.07586073276108611,0.045252184781539,3.383066000806887e-05,7.36173457991117e-05,0.0025747523830023543,0.058884149372199955,1.650799913103773e-05,0.004614704296575037,0.02068317403677829,0.7918691744270087
0.0013544817935072305,0.08748818642949065,0.26002407254548143,0.0008428699844507611,0.00025048058334590676,0.01774704069517711,0.12562997403610573,0.0009110170208006241,0.005590860035989676,0.37790969104471783,0.12225132583093294
2.5577291519489107e-05,0.014287412988772273,0.001451817767391431,1.353032819409558e-05,1.328756005449811e-05,0.00011360954207338514,0.011020870912367422,2.786405294804204e-05,0.2844797499410235,0.0015094535645701682,0.6870568260510856
0.0013314194356608688,0.010315252495190493,0.0009813799465749923,0.0001134636544538548,0.0003227052713911853,0.030546499721771234,0.00719054349849594,4.911705328058946e-05,0.00015281859517613658,0.9043950436823224,0.044601756645682326
0.0002883274721097857,0.03757858089565386,0.0010547300792180577,0.00034408789018381504,0.00010704675774819005,0.375216399883318,0.0902637655954042,2.751869659170534e-05,0.0011937811689323066,0.4501318871763788,0.04379387438446104
0.0005814600857257534,0.06517797039972696,0.003815907326192232,0.00020804315624600082,8.543704224887096e-05,0.01766798712506823,0.24326989099236507,5.670070124148874e-05,0.013829645995949316,0.40382142163627543,0.25148553553896064
0.003413332962655524,0.04894199719473593,0.017064078451690105,0.00024604694519253447,0.00046363602504599123,0.001399654738350803,0.6295055692047895,0.00040893116486412964,0.009701987633819402,0.011034118708398212,0.2778206469704578
5.980064337018426e-05,0.03146912871642439,0.03289902087479587,1.4777790331793285e-05,2.460664158086304e-05,0.001016538095987011,0.14350908062395173,2.7345976318808547e-05,0.584672824305093,0.006162399308202248,0.20014447702394392
0.0011089583913769258,3.075814490454686e-05,0.0006662083464791027,0.995109055967312,0.002376680884288998,8.088339526269508e-05,4.056302383922117e-05,0.00023517838309614585,3.3796592283314443e-06,0.0002579704892423546,9.03633149698582e-05
8.522049419865627e-05,0.00847136382613626,0.002894872629752751,1.1546505935994143e-05,3.3611482213262383e-05,0.005294057757171073,0.027271942517713147,1.2836371582128716e-05,0.009678020588078368,0.15467047987103125,0.7915760479561871
0.9177524918398954,0.0002648930254067679,0.0007230463803338814,0.03865569536809836,0.000977620963171782,0.0010136297449254233,0.0018995742272514189,0.0344183945160071,7.561864434375144e-05,0.003542524023030091,0.0006765112675358369
4.836735606648921e-05,0.09319519465624786,0.012447088055482121,5.779148163971634e-05,9.451753211167969e-05,0.0038657767106267562,0.21102568085313,2.6451407445909075e-05,0.03129639935413165,0.16771906760490485,0.48022366498821295
0.2793298462321487,0.003985768195384944,0.00032369897652773663,0.3524150115031961,0.32141270627153656,0.0013841426773081764,0.005374703630648403,0.006302030102736291,0.0005732950507047788,0.021941708649704735,0.006957088710103584
5.123666110044066e-06,0.006526503707479874,0.0003042480831329888,2.9843549230038725e-06,1.590586796893943e-05,0.00043779592503092007,0.013100815310354412,4.842991145379585e-06,0.8930465676096271,0.003969341913031143,0.08258587057119612
0.0014397137686580589,0.03396032976343666,0.0017673873382182573,0.0013255334270731894,0.00602105558479043,0.20411378938647634,0.08649244486978447,0.00016379011779667305,0.0004893681355622705,0.582601520760596,0.08162506684760758
0.00390231813583351,0.011630058846902634,0.002562535496956486,0.000494056466656934,0.000927143127146038,0.0718670494987552,0.0398594468688635,0.0002766368686596325,0.0004352680223152289,0.7450481677564998,0.12299731891141097
0.0016204329608789725,0.0003777130581989439,3.94174751781983e-05,0.00024214227459365455,2.4805044119545847e-05,0.00010358406727643592,0.00019097274576728763,0.9972774890927186,2.409801355271681e-05,6.345383028155942e-05,3.5891437434172075e-05
2.8744277945688554e-05,0.011929046172889044,0.0008758433603537033,5.954054982131917e-06,2.4920194026166443e-05,0.0011410323477629772,0.031670610394421435,1.3592762948869016e-05,0.7381801173334681,0.011534675444220332,0.20459546365698142
0.002861616756901524,0.00014914076239909432,4.338346479199221e-05,0.0003500457050044293,0.00023958247291791778,0.00015356766182728334,0.00010602786325857872,0.9958482643429755,3.5696040545750844e-05,0.000173511614923146,3.916331445475095e-05
0.00011512992396362625,0.025778231099396552,0.025638938470006162,2.255774451438423e-05,8.403007374128495e-05,0.0006953581587567828,0.0753071866449091,8.256460237197106e-05,0.46295103994289916,0.008113270156295312,0.4012116931831457
0.00013107644609536726,0.018983387687585177,0.0020448686366660506,3.253916599358457e-05,5.4163599282906146e-05,0.8019283674581493,0.07123066451648968,2.909780331362108e-05,0.0008486467931730385,0.061824906283205076,0.042892281610045845
0.008310729792149047,0.04038399022000134,0.012080468877018854,0.0002506341486741291,0.0003999959497887685,0.00838985082568642,0.4430394502527399,0.0009061655162708835,0.0009954590429435946,0.3997059891622546,0.08553726621247254
0.0024581762815422533,0.07474080217503702,0.011452167737089626,0.0006977035441911288,0.0008887512170978306,0.10962681939667605,0.17700703644118865,0.0011353671673822426,0.005841309875077299,0.5054235927541181,0.11072827341059978
0.00015584891500279208,0.019528980020528882,0.0010484756410631985,2.5738981402672033e-05,4.707429662335616e-05,0.004673341806005598,0.03915184399977249,2.0815708111257273e-05,0.08148801924972356,0.22700682444919387,0.6268530369325723
0.0005313821919623129,0.03277570872737424,0.006111350331975318,7.252866483872094e-05,0.0006761688762243534,0.20624751457230095,0.31657661622633665,5.4794749818390826e-05,0.00347625946862421,0.05715481028830088,0.376322865902244
0.0005736661241416501,0.136002922561305,0.06014183803939736,0.00010141000003090176,6.129655355054987e-05,0.0017690568303095307,0.4844536620345919,0.0004326915158281072,0.007545420297334492,0.017893474821648738,0.29102456122186166
1.7836253887983804e-05,0.05267026031801011,0.004012493614209972,4.173875671023407e-06,3.593775856747364e-05,0.00026255761003879125,0.024266197721745632,3.3798260522893133e-06,0.13730295100524761,0.0076431853197565245,0.7737810266968126
0.019713443705462335,0.01984306802229988,0.03657495442933226,0.0001879235925082082,0.00310550654157472,0.0018561079672136356,0.03708098014816278,0.00014277298666712948,0.0034155088631243682,0.026602515857773526,0.8514772178858813
0.0009705243735665791,0.023205973981827187,0.014019868557478683,0.0007155859259688778,0.002661073426952474,0.012550087520606594,0.3197415781013064,0.00014281654900214768,0.0016404359632095676,0.2934876725968999,0.3308643830031815
0.0003528813465302719,0.05442200945626571,0.01338737353399744,0.00012244208195543235,9.569268557399417e-05,0.012016480666772779,0.22688925881852248,0.00021584051104042018,0.004576573728206148,0.5604696830496368,0.12745176412149845
0.0001857434370566669,0.006379436677360092,0.0030401852222891315,0.0004897025634560992,0.00024344888704425603,0.9049673188069234,0.02417018114329812,0.00012103743374935486,7.682622456372673e-05,0.04773411026795125,0.012592009336307932
0.0003177474594766503,0.04893865993760794,0.03761648839987216,0.00018893804102643503,0.0009707713480470382,0.0021375422561793252,0.2825689024848157,5.183327049789191e-05,0.0020871443891591858,0.055541336763949935,0.5695806356493677
1.145507571378516e-05,0.009347686080326153,0.002381201620778317,1.5469377199567168e-05,4.000851640315192e-06,0.9477549508121161,0.017001026949486645,1.067134606828668e-05,0.0002106135392462859,0.017671410781219952,0.005591513566204666
0.0005019521271725653,0.07349677652440885,0.03995270155034281,0.0001578868835405205,0.00013315590076438117,0.02293765019481573,0.773085699729796,0.002472212824585238,0.0005402178616893893,0.06742907128976713,0.019292675113117358
0.13211733509411364,0.0018370920978391196,0.00030103458049612756,0.047569535115264246,0.7974183852152088,0.0004602178028089083,0.0009107487519246266,0.0003114649712242658,0.0002380945787148455,0.009792874117688725,0.009043217674716806
2.5553248837312383e-05,0.053772882066719374,0.005635671229125553,6.62552207539393e-06,2.3111882878816533e-05,0.0003435969320705651,0.05367716191668986,5.5376954991782465e-06,0.05022674866638376,0.01740217835078662,0.8188809324889335
0.0007428731436057064,0.018817391278132953,0.01776698291266265,0.0012600215143112057,0.0003484555502219807,0.8660290784025919,0.019176588003756174,0.00020896026527272464,0.0002417049118208254,0.06617542385592257,0.0092325201617012
8.15086658674584e-05,0.019168471517582365,0.09267437447814264,2.5430447704696696e-05,8.876606898869436e-06,0.0006398806495307544,0.10815100112855121,4.902723306783359e-05,0.0953629137843969,0.0024141948291766563,0.6814243206590807
1.3917652300549297e-06,0.002029319846039405,4.9064146258420356e-05,1.148353654401523e-06,3.325007153945081e-06,4.695229717822865e-05,0.00218561599873556,1.4982281395792894e-06,0.9498418510637423,0.001755895674127992,0.04408393761974007
0.00686072293997979,0.005587139033611734,0.0016171762043611705,0.0006989899491211044,0.0028721045780938,0.03207506859520776,0.020283395042649963,0.00027575406489218393,0.001982686950552927,0.9042860306794877,0.023460931962042034
8.418145972842544e-06,0.02293468918344312,0.0009107067135417371,2.2189816745655835e-06,1.456344648164408e-05,0.0001858383517726851,0.01575423787038174,3.583546704086638e-06,0.14786875631754987,0.0045748180107185385,0.8077421694317591
6.435289711373849e-05,0.0006014584539508285,0.0004015121904840341,1.1286309872678944e-05,7.19901653953001e-06,0.01159618587603693,0.0071375810758265,1.7280764030453407e-05,8.272358368323377e-05,0.9750120528204957,0.005068367011966138
2.4887928673283114e-05,0.0044569029664022295,6.0671223353537226e-05,6.504023380310984e-06,3.098887857796111e-05,0.5302217039980879,0.0077130238200656355,4.121140207239738e-06,0.0011457463146949773,0.44116462012271007,0.015170829583846841
2.1781975962324347e-05,0.022989611235727004,0.0033826540714542355,8.000366464280343e-06,8.916279436766534e-05,0.0018577691868379865,0.04172394347688819,4.262643087025043e-06,0.04297759293626967,0.0499818171428389,0.8369634041701027
0.00014783537842394729,0.029580667023498246,0.006414455608270534,5.011499139808904e-05,0.0001408455788503116,0.0039816202587981825,0.6343158301231323,5.634196172825219e-05,0.0035206605071896394,0.0331650420483317,0.2886265865203788
0.0018802850393436757,0.024425605054045205,0.006589277682400137,0.00029918877484504694,0.002079649811572365,0.0026080433512138605,0.057884187245839706,3.987304111147059e-05,0.0023616409630520924,0.016799460604035574,0.8850327884325409
0.011682287070359565,0.0009990171472487796,0.0001158665094606106,0.008436900128394218,0.8451946062400114,0.0010393581221020247,0.0014335723649069776,0.0002644647177705251,0.00021439874072593328,0.11925409087279706,0.01136543808622265
0.00012389650618745173,0.011523617716630087,0.0036004019062407552,6.0681187034794896e-05,5.702727924853164e-06,0.001192880590613007,0.9715867581015909,0.00039986288940568816,0.0017312868355990978,0.003181627524286336,0.006593284014487175
0.003925717558624907,0.2613068327440712,0.049216838624191975,0.0005904403411059786,0.00043925266239055755,0.107276562151977,0.2188570959354559,0.00026629514770356677,0.01230325981554265,0.12007626446124149,0.22574144055769485
0.00015375086354172152,0.12764587145082304,0.006109159666655607,7.949865602662913e-05,0.000139547840227707,0.004502061384218185,0.5291099809279888,4.2659346160633916e-05,0.005782291433419115,0.05030673003889687,0.27612844839204154
0.17742710272868775,0.004045009421721501,0.01775274424769122,0.008686290256272433,0.3499103992993625,0.0015695020771145842,0.004637901839350643,0.0003297529664678691,0.0010151578818595782,0.006316739760996762,0.4283093995204751
8.659947451732271e-05,0.005065084021333015,0.9574923605152373,0.0009198260205965488,9.04863228601648e-05,0.0005201590148584789,0.014696796686049698,7.941797436316475e-05,3.710377329213643e-05,0.0025665777178864296,0.018445588479005678
0.00041903545732316984,0.05154979868314468,0.0033063282612309196,7.678009063028395e-05,0.00035368803127397983,0.0184569736985765,0.16322854521682853,0.00010390034114081,0.0023237523671315085,0.5395027982187711,0.22067839963394859
8.041101608834031e-05,0.008201998178472432,0.0116565867242837,4.890335917802548e-06,1.590168048365548e-05,0.0006125350275586374,0.010904978033219066,2.0535052630334473e-05,0.11705589892206807,0.004062999239681778,0.8473832657895962
3.489502341815233e-05,0.023545793175318883,0.0011697473787389784,2.5161711858529668e-05,9.115321756937815e-06,0.8446111116923228,0.07772832512465147,1.1185778878411703e-05,0.0003352911516570444,0.04149410145150461,0.01103527218989417
0.005182872279501649,0.0003114020382406674,0.0003308425014414128,0.002664930107870356,0.0003294074114281411,0.00010116711814751199,0.0003190203473457365,0.9904426286038323,3.4928000334873766e-05,0.00017024554836369242,0.0001125560434935849
6.724830862773933e-06,0.0020984962922762375,0.0016164556744161435,1.851118345570811e-06,1.9123267279743504e-06,8.310881052038553e-05,0.007604760085346198,4.5733140399012385e-06,0.8992236957099277,0.00033356287155763734,0.08902485896597961
0.00011920260973370366,0.12905889050873903,0.007813116337180943,9.787703268201576e-05,9.292709074547488e-06,0.0022385952113480947,0.8446007373458515,0.001377946517913758,0.0032473837411250255,0.005671885767853073,0.00576507221849851
0.313003849535932,0.0012718789605072208,0.013215122969681135,0.1558254648530807,0.0037575932313480805,0.0021138316017000024,0.006666748225179458,0.48723116565374097,0.00027929430423890206,0.010356581078671523,0.006278469585920117
0.003200859302637867,0.0001460816710588393,8.500198337076556e-05,0.00043548324765918224,0.0001262789113770195,8.519126723691702e-05,0.00041307924847697663,0.9951462657653815,7.346304499900291e-05,0.0001941512115226581,9.414434627920968e-05
0.0001511165640973293,0.02067690114622998,0.0013538543139500335,9.634755446331205e-05,0.00047179314278554313,0.01315188742758588,0.09383621254168718,5.897302802779728e-05,0.0017128878552710345,0.7418169252929908,0.12667310113291122
0.002625588598380499,0.031160578644893747,0.5692781137518074,0.0029550510359891563,0.0001357474500267328,0.033215474554292704,0.1296059477196778,0.00028014918748817005,0.004656511432651456,0.01653416807363461,0.20955266955115773
0.00024365049912003167,0.06751399685296595,0.106006347407747,7.3196456921488e-05,7.470015958317877e-05,0.001976284507024591,0.07119265835711053,2.820429298396628e-05,0.0033090337482411525,0.02928952709927406,0.7202924006190281
0.00035588615303069237,0.0010818080088203137,0.9893397673504757,0.00034572423539851996,0.00025407037226391903,0.0006071181844821694,0.0033736464155004154,0.00039208722725584175,1.438880192619271e-05,0.001940166077649073,0.0022953371731973113
0.0019150899822745582,0.06769429078230711,0.07644308938683174,0.00018423660795765156,0.00014123508605504742,0.013753908943511256,0.2637678168639538,8.59660829755278e-05,0.0008769348809293318,0.47210832706512157,0.10302910431808245
1.5980533998364546e-06,0.0018157742892793178,7.659105487885875e-05,7.638492594328351e-07,1.3081374365962497e-06,7.208319518901997e-06,0.0015249097653422356,3.0628571477466778e-06,0.9704042342010769,3.471936413041751e-05,0.026129830108529463
0.00019242357751460422,0.02822956794363822,0.005536707104100846,2.3659518755157674e-05,0.0001424831940296663,0.0002810868684394212,0.6909986250128606,5.4704225241079663e-05,0.0009063829993391695,0.055233433517830464,0.21840092603825095
3.960602157856064e-06,0.0010428174076860005,6.276830339985725e-06,6.0401590891245184e-06,1.4971551498200289e-05,0.980987567423404,0.0011449346433921649,1.137115544306865e-06,3.8398636237825026e-05,0.01593377288065015,0.0008201227500004794
7.044852892803933e-05,0.138955079908516,0.0006751442645051148,3.4068003393664425e-05,9.461348372135871e-05,0.012886532163460812,0.37270499242588045,4.10002069110395e-05,0.04535922737663098,0.20421178494724518,0.22496710869080735
0.0006872309829509059,0.06661763491209534,0.2792534191278188,0.0006028708851669173,0.0015487225895894938,0.0010212223940167606,0.062425471158324586,4.5572637971374524e-05,0.0004666650243984421,0.010083928819847494,0.57724726146782
9.90937142784922e-05,0.029059548483486835,0.0035635711991960878,6.224433965710799e-06,7.625277853035587e-06,0.0002457854734005774,0.1490715050090544,1.8307165845513256e-05,0.49470584455152544,0.001421877222950212,0.32180061746844363
4.123747957134693e-05,0.04073228198121933,0.0014192420197371948,4.338236126006399e-06,1.1503525788356431e-05,7.78502757412862e-05,0.08567922319162463,1.6433012107480058e-05,0.1538778280176945,0.0016611981242101081,0.7164788641361798
0.012370449683179035,0.001718145661035424,0.00016818819842524,0.005102755363609542,0.7962040721536467,0.0009030118090348873,0.0018603348567738701,0.00018783398764840782,0.00024265055770562898,0.1664142055640113,0.014828352164929878
0.0001378497137687114,0.014214403822351679,0.004769139773790433,2.3375794576348496e-05,1.7579843367375843e-05,0.009810822275199988,0.3913597789829519,0.00014739458932133882,0.007158779079437337,0.4321047600602077,0.14025611606502716
0.007546685897484736,0.0007141818758572605,0.0002722846194870393,0.0028388797208515493,0.001022352459959436,0.0011175353719365098,0.0004752544033206492,0.9850814513198387,9.572910041381923e-05,0.000664617177084266,0.00017102805376573567
8.722213330052638e-05,0.06386958940166632,0.03741143042892182,5.744588051146853e-05,3.073982334397354e-05,0.14232543165003364,0.04419605649602926,4.8473071244565526e-05,0.22680326342440368,0.01454462223604565,0.47062572545449916
6.137597572235606e-05,0.04679695960175086,0.006408191148123507,8.613641639274436e-06,2.9440772461323594e-05,0.00011637767375367414,0.3717682050933827,1.691353545937531e-05,0.014797122786786389,0.0017225970598424545,0.5582742027110781
0.00022974839494331137,0.07250251069431853,0.048513646675191285,6.690373618224518e-05,7.409735182236919e-05,0.0004121933278260021,0.10564265398380675,4.872804933846901e-05,0.12306068209104419,0.004654807660959588,0.6447940280345672
1.3133166426435991e-05,0.004155309231874553,0.0002762088073425161,3.9876454816610625e-06,6.036026639520379e-06,8.144918538936347e-05,0.008775099505525663,1.3553702013392996e-05,0.9013473011617241,0.0007072070224050633,0.08462071454517767
4.888942171475819e-05,0.13825730615767534,0.004967923611439652,1.5147625641167914e-05,7.167578151056122e-05,0.0025332788604464037,0.10403148177484223,1.8904257300598095e-05,0.11244823724196051,0.03377479185704188,0.6038323634104269
4.2227082833931596e-05,0.08169118186033426,0.34868071372521864,5.994887328930883e-05,5.151667966947917e-05,0.008021185096317152,0.2574940560260304,4.2419002076789405e-05,0.0018345514182111357,0.1064821423065603,0.19560005792945867
0.0011699387831039332,0.08144379946949969,0.0029497078793951723,0.00016580572384844921,0.0004638129419191068,0.0006593909412718362,0.5019271084209398,0.0001000342235977455,0.00657147544194013,0.0035709613880355096,0.4009779647864485
6.690183545395958e-05,0.07518084944766522,0.29933502977808046,5.2990266088985304e-05,2.810910209136963e-05,0.003987179479426949,0.21366002433311312,4.5987956316023304e-05,0.06139321109495314,0.013971949600637116,0.33227776710617374
0.0006895819406332504,0.04962599412006461,0.16221576343815136,0.00011656010348412541,2.943229128037181e-05,0.010458845585356404,0.47882214724506655,0.00026161967100957824,0.04187418671547524,0.00394012732472232,0.2519657415647562
0.0001326278066607354,0.27436892547515535,0.021924480728811757,3.5961245148303835e-05,5.3092045286140546e-05,0.0013379289807664324,0.15783177007292262,5.7348030437342426e-05,0.17580193590066992,0.0281467765745278,0.34030915313961363
0.15368946777646966,0.002181157016059215,0.0009122297228036598,0.6098451577222243,0.14854968617254596,0.0022183817981020547,0.002807442906630505,0.011107630128844094,0.0002958906868337278,0.05628526769842688,0.012107688371060032
2.541828581438675e-05,0.04626532732275461,0.002432066535912082,1.128877370149437e-05,3.157957641599984e-05,0.0014999191946368597,0.02855309060480466,5.189189671718223e-06,0.4661336896957647,0.004384711947542455,0.4506577188729812
0.00017115393668893362,0.030684915515125758,0.01012924907139713,2.3045275944816683e-05,4.2301899071258916e-05,0.0012400050470187532,0.5685372246428632,1.527214948653456e-05,0.0023277901911597215,0.015381417945428051,0.3714476243258159
0.0001343306537889717,0.048473546222168595,0.13178247971305374,1.7098251331818982e-05,1.3775618098566158e-05,0.0009055429178673276,0.08788132047420691,4.784644679910133e-05,0.09059770668854827,0.006506888329701062,0.6336394646844357
0.00027832109263110395,0.20007706696428668,0.04928929364344741,5.93525914093224e-05,0.00013077533234058305,0.01786228195491071,0.3092503257092913,2.7604818560581637e-05,0.006784315219211473,0.20181782321080727,0.2144228394631035
0.0006505358856620308,0.4664970439046168,0.010909732312272023,0.00023690977213639035,0.00028868411841938925,0.015596047493911783,0.08357348819742966,0.00074049547458358,0.0033595871454750207,0.21312021631392614,0.20502725938156727
1.427249677707222e-06,0.00047073460445457704,6.979512875702321e-05,6.746635816711479e-07,7.073860207066852e-07,5.5104963047172965e-06,0.0008400199325242723,1.165280059373501e-06,0.9803706801383737,2.124563704153871e-05,0.01821803948320468
0.00010828074633399382,0.0072798869377460875,0.09653597123728128,0.00014757958650194405,6.0897369576819265e-05,0.17243657425333078,0.03372554332982584,0.00035356493766670617,0.0008534582229823114,0.2359056169460028,0.4525926264327514
0.00313686681241428,0.12649788004982176,0.08794076511230882,0.00023836169100159641,0.0007779225623745976,0.0479769204193026,0.4848288116727027,0.0032000709056682034,0.017097009599091408,0.06491975965495876,0.16338563152035535
0.0002547575316157258,0.2285950589152998,0.11152792827724674,0.00013424128682326325,2.3589803660201346e-05,0.006408818789265038,0.4804836683720908,0.0010039925646315993,0.07252891134449195,0.02190393486369618,0.07713509825117884
0.0009745094136135796,0.046406053631561237,0.20697124203477796,0.00027480117824347535,0.00024165421905191398,0.0018509363335287307,0.06648394772602721,0.0002957767423366054,0.009491655420559282,0.00549834432400211,0.6615110789762979
1.6146809486369924e-05,0.003294454581874634,0.0028452829487019943,4.141951689013704e-06,7.320762529024574e-06,0.00016889453567471132,0.006260200738929802,4.700768556376463e-06,0.8543712213214485,0.0008168731155188658,0.1322107624655907
4.261495897206818e-05,0.018366967258847917,0.0010132142192073293,1.314945243707578e-05,0.00030777179223094304,0.002189482947594942,0.03130123733993591,9.206284440881628e-06,0.01683825445990713,0.04630148862146325,0.8836166126649625
0.0026207502798692166,0.00043217552929400877,5.821789342098923e-05,0.0007396118424323506,2.39997083923092e-05,0.0001230695436636344,0.00036273972972198764,0.9953743276906397,9.786242484789938e-05,7.757069008682387e-05,8.967466763100633e-05
0.015098849502649843,0.0011662762855777688,0.010047449206889223,0.9385645645096526,0.001111870714175066,0.005889164862711121,0.007268989175648745,0.001143493557778536,8.742759180532588e-05,0.008905403295005443,0.010716511298106158
2.125685131418245e-05,0.04679479275263177,0.023012850731951407,5.722168344799499e-06,5.991047870635851e-06,0.0017034443385135043,0.05464960846005777,5.5136426484683336e-06,0.6784023785221666,0.004553619728425484,0.19084482175607542
0.0002148383893802135,0.007840688320511848,0.030786571305253176,9.483152792264112e-05,4.2024599780372804e-05,0.009347587165725505,0.13675323312735482,0.000132024131178413,0.001513179511096041,0.42100688996550284,0.3922681319562941
0.0008410397145096248,0.15997122903847025,0.024167920920488587,0.000397384906511864,0.0005272289400887893,0.0724606849854626,0.4278435639885883,0.0001820662057135675,0.005484386020008459,0.04789404360203206,0.2602304516781259
9.075498931339072e-05,0.02187854039278604,0.002522045004574386,0.0001290643683803848,0.00010554163723883876,0.007252299644141314,0.08281369205154081,1.4458407814781581e-05,0.0007464253821674208,0.6207170053049597,0.2637301728170829
0.0002595235598611165,0.02049997397244674,0.0013954089619000471,4.3086218507064575e-05,0.0003926966978031042,0.002182559667463938,0.058913122927170665,4.1245579367434584e-05,0.021050747229973937,0.09069656077307776,0.8045250744124282
0.003147906006308702,0.148412730303555,0.3270857387661207,0.0015777967916875818,0.0006653174631375845,0.01176337253757224,0.21970811956057723,0.0020185312080404152,0.008196090220113037,0.1743080538750887,0.10311634326779877
0.00014006531443139786,0.1500381604564949,0.032204411623398606,4.7234651588387814e-05,4.4019780091286936e-05,0.00024249946520636675,0.6761368050059319,0.00011122893131070926,0.004034292847501644,0.0060257333689062755,0.13097554855513852
0.013274692328816869,0.0001933173501723149,0.0017058558475404409,0.9522280855252835,0.014678807432932107,0.00024058797889663617,0.00029511108039749766,0.016313032165892877,4.360997895706709e-05,0.000667964784050264,0.0003589355270605596
9.070199739822555e-05,0.016968746213103462,0.005423079022204657,2.674063535282419e-05,3.609029551220779e-05,0.0013923903419141394,0.5488900625419336,1.412294125606249e-05,0.005956878901779465,0.0048604152798894995,0.41634077182965595
6.751404655736098e-05,0.02488578146778375,0.0008412257784373328,2.6394923807338652e-05,0.00010838057239285432,0.0046405150409879175,0.03425673306861536,1.9610117812803286e-05,0.014293281775666472,0.2818236534601255,0.6390369097478135
4.683976791674475e-05,0.004414834977793643,0.9119816009757966,3.865862481040027e-05,5.440174541323947e-06,0.0005233900597351199,0.011173905636982765,3.383816308104747e-05,0.0006610259388439245,0.0014727015584979776,0.06964776412200042
0.0020743809536184826,0.1501630827959001,0.019724003210591864,0.00013597399814280756,0.0009272618287944408,0.0008507080137705468,0.5956411611778252,4.508005379747417e-05,0.006551109721216987,0.049889841953959825,0.17399739629238226
0.0001532677894195043,0.05125045706512305,0.13623858817280576,0.00014382712380190427,2.5052417425918802e-05,0.0017009813818629673,0.13756328758029499,3.547190424190551e-05,0.02735170545938777,0.01392260087524038,0.6316147602303958
0.8486585122349292,0.004672468288674539,0.001066225437840116,0.06166585390786179,0.03834702333229597,0.0024599279754587717,0.008064548880649112,0.004099851444024891,0.000753776777038184,0.023536647706037306,0.006675164015189973
0.00013078410887098257,0.0017148996569990623,0.005679694505838975,2.0420387941556023e-05,1.6081319957387483e-05,0.0010920118261628475,0.011662337374278436,2.1668330516132133e-05,0.0014213044029610373,0.14449698395520658,0.833743814131267
6.891270584707109e-05,0.027770853075855466,0.006872348644412312,5.60521566559305e-06,2.160852648331551e-05,0.000130200510942184,0.0439932120099767,4.430617126008198e-06,0.01962329606597319,0.0034857956472247953,0.8980237369804934
0.0053649413368536914,0.00025181690816742226,0.0007803951846561233,0.00073899461722334,0.010259900320696071,0.0003579624399419104,0.0009423644315659507,7.373399498959326e-05,0.00016379260195322948,0.9753889088112665,0.005677189352686364
0.00012027659402835069,0.04315983311239375,0.021960613018822475,1.4318340184181865e-05,1.4873579662909096e-05,0.0003499780674750096,0.14474543214721516,7.935435858923929e-05,0.46515952987693027,0.00231687194374378,0.3220789189609547
0.00043838704928863837,0.23737767784689134,0.0011047190036760552,3.903485159764557e-05,4.659645965690311e-05,0.00030766840437834064,0.10672720410275993,0.00016826860782430714,0.02928795186954214,0.0010865856252659397,0.6234159061791188
3.089295148999993e-05,0.020970661654626292,0.000474657416345689,7.2268155917898535e-06,3.597661212850549e-06,5.290193542710848e-05,0.015896325393171803,1.2941730901286436e-05,0.8424014712351157,0.00013439269906798075,0.12001493050704957
0.02984904389068547,0.15304187001346056,0.0769304035321749,0.003298485378592651,0.0025683900107240556,0.007792837019885377,0.09302663961393058,0.008038173753476785,0.00041423479176490584,0.5821483842713925,0.042891537723912236
0.00012478279252614498,0.01103163768573786,0.7828384294723341,9.264528361384305e-05,5.734193062126335e-05,0.012673920147313016,0.06985266961026527,4.1680455681427156e-05,0.0020478058793275454,0.04330361268909729,0.0779354740534823
0.00012528044328830024,0.007565729660012928,0.003196775087597771,2.337038085906294e-05,1.6505733682847297e-05,0.0006527020567830176,0.05105837637015986,0.00045443834427197767,0.8437810915486869,0.004216288368166151,0.0889094420064911
0.00078586736299276,0.07868548984878286,0.22516290142586678,0.0003798876472221532,0.00019237908662312418,0.02193843077330262,0.22575937468082866,0.00016133919256154655,0.034265460913385316,0.040056824253918676,0.37261204481451543
0.0008090068926677476,0.13408810643365462,0.02685978535412489,8.140993032015879e-05,0.00023110251454927408,0.021105083701633304,0.2451370288364351,3.940465617349633e-05,0.040172048427210665,0.0398574649174498,0.49161955833578097
0.0022677088198567934,3.350828172055468e-05,0.0005997503418431096,0.9918425944512885,0.0039521496241285235,8.319724276237423e-05,6.919491296178874e-05,0.0007964220489084324,1.2303158773027515e-05,0.00020637245863326997,0.00013679865912359618
6.307715772472558e-05,0.018092352063981472,0.00593630457907191,6.864862538745292e-05,1.9866033325816217e-05,0.783479690504696,0.034575672217164975,3.927514638361445e-05,0.0009196897299271403,0.12416875389191886,0.032636670050418114
0.00018458033462258162,0.06526370908533188,0.008535764524467401,0.0001701305942208861,0.0006373197875073658,0.00480135818554225,0.13939601548850755,2.7982100174431234e-05,0.04893951788676729,0.05399656443787974,0.6780470575749786
0.00010647025873906568,0.28526175173014484,0.017385269097698358,2.9712395089477914e-05,5.690368813283417e-05,0.10705197742693615,0.3157531747191867,0.00010345294498669866,0.14488232435065798,0.024257019006111342,0.10511194438231647
6.151792826866769e-06,0.0007893482023255606,9.151780797126033e-06,2.9389094400818504e-06,7.303345033008536e-06,0.9861817447176806,0.0015409427785704499,2.7914679415786242e-06,1.0166985658453047e-05,0.010969586550756989,0.00047987346896936277
2.730971203002763e-05,0.021156077391506982,0.0007777373723458146,6.9962836947041975e-06,0.0001115585387142487,0.00012559068002403596,0.023516622058975145,7.667593442507855e-06,0.09396451175160342,0.010431823028101623,0.8498741055895616
1.0382124629988692e-05,0.0012471296245784066,1.4922968811379252e-05,1.0827880929899045e-05,8.529903370643102e-05,0.9830632246098414,0.0017026824362728788,1.8287395217145437e-06,8.255222146108265e-05,0.011440967288914623,0.0023401830713323645
0.0011088950892591833,0.0021612992513166205,0.0006709029560286924,0.0008480723381214831,0.0001506903265321031,0.8910891109191369,0.027674703022471322,0.0009005048989550777,0.000271688423769511,0.06045209806939392,0.014672034705015038
0.0005545165212308956,0.016842251147213667,0.007943413980019038,9.742439033789363e-05,8.651071575857055e-05,0.0025288985072532736,0.6295526498794541,7.26659755156229e-05,0.006563773549477306,0.0023661601925051906,0.3333917351412343
0.00018722603616986707,0.0013686944165660687,0.00040268102588433,4.5398482684615064e-05,0.0001018264289696632,0.01066713061784845,0.002870091761032995,1.4743867532756286e-05,0.0004171986661641455,0.9625516723156717,0.021373336381475445
6.685236450671984e-05,0.010757232933648012,0.03197913128235064,2.510399156523171e-05,2.8225867488517548e-05,0.00755006154307637,0.03971071695654787,2.1780847548108093e-05,0.0009077254684302861,0.87450643707418,0.034446731670658357
0.0005337825715787297,0.007908970084864575,0.0012428174329119767,0.0002350771151495526,0.00168354907763668,0.781111668916744,0.01239544682324404,4.888316164637565e-05,0.0001791624077923369,0.17325537202746155,0.0214052703809702
0.4183664990610906,0.005962543460739423,0.0028711692187957283,0.04340460808898745,0.47231676196990635,0.000631680781720579,0.004724143705739403,0.037617140672191234,0.00047054321884509474,0.006178169220366052,0.007456740601617994
4.004031274977753e-05,0.05263471594566271,0.0011537095920127812,2.409508573558869e-05,0.00012785325990858894,0.6370760592411814,0.07335183159595106,1.2354020990009099e-05,0.006437106989349832,0.1650523831437929,0.06408985081266541
0.004802873917365,0.021899189815773653,0.8189419435143696,0.0027833254729423234,0.0009924352584754087,0.05481974300773522,0.05065351107062433,0.0016052403999144071,0.0001215692160865546,0.035895366135815794,0.007484802190897797
0.00010487631457935335,0.05017677214733063,0.13037346968034902,1.6510986383931883e-05,7.451713008067504e-05,0.005536432005681811,0.18834410882272057,1.6210740262968514e-05,0.14867655746891037,0.07734383747975766,0.399336707223943
0.00026785167356405457,0.10516140944236424,0.006457855529896816,6.714351089796202e-05,0.0012796810250045164,0.006055897364003055,0.210603872615551,4.558042594718727e-05,0.02495436654434794,0.10196493434085666,0.5431414075275666
0.002154034311847795,0.051893397278268694,0.05327099451599901,0.002542981653411968,0.0006866476823183587,0.12874144973354149,0.18412147153174785,0.0003893486398458931,0.0003511886006703265,0.5261927538182786,0.04965573223407007
5.8580410712271476e-05,0.038980637589748325,0.0018770390381316342,1.0462981023479453e-05,0.0001147728451237024,0.0012988729081718194,0.03924579900379762,1.204012052881732e-05,0.02205448155151002,0.06260265768386869,0.8337446558673836
